238
245
387
187
8
301
270
64
435
111
317
490
171
180
390
124
372
126
358
226
426
456
376
451
237
146
407
427
470
234
174
214
80
352
422
250
88
306
191
430
63
336
131
223
337
248
235
464
66
495
144
91
258
438
228
280
379
87
443
69
307
292
404
334
302
89
480
405
165
473
369
395
210
52
314
93
130
450
205
460
86
477
466
175
151
115
100
413
242
371
24
260
42
103
114
61
16
354
333
135
75
431
383
475
92
472
415
200
159
256
37
455
97
338
26
72
172
411
170
140
17
18
150
437
349
30
2
84
28
384
264
498
499
206
436
163
156
493
277
188
125
342
104
448
474
328
311
243
273
133
444
207
402
4
202
122
373
43
287
308
471
221
269
48
94
272
288
353
344
230
362
253
323
335
152
198
416
169
39
255
254
374
77
99
361
320
429
46
225
127
102
7
296
183
196
23
386
215
123
485
392
322
134
176
441
193
396
370
421
56
249
31
62
117
154
378
194
137
491
482
90
252
128
222
368
95
145
304
153
177
440
166
70
15
489
22
224
343
483
3
149
204
138
303
12
9
332
484
321
13
38
381
299
476
106
118
54
229
44
259
291
479
65
25
96
5
419
268
186
179
364
73
265
487
142
463
190
325
119
284
6
105
58
20
162
40
217
275
326
261
412
53
367
434
262
388
290
216
109
220
389
423
199
67
201
478
486
403
34
285
397
468
357
300
236
382
85
331
313
399
420
11
76
27
14
141
453
32
81
315
417
414
297
347
41
442
385
410
167
231
341
348
101
110
398
219
305
158
281
452
168
377
266
45
339
0
393
271
49
391
251
82
459
120
289
173
400
375
1
55
148
267
458
47
492
294
147
246
113
233
181
359
33
345
192
433
366
312
51
184
71
457
244
350
136
195
240
462
425
143
